>>> even = range(2, 100, 2)
>>> a, b, c, *d = even
>>> print(a)
2
>>> print(b)
4
>>> print(c)
6
>>> print(d)
[8, 10, 12, 14, 16, 18, 20, 22, 24, 26, 28, 30, 32, 34, 36, 38, 40, 42, 44, 46, 48, 50, 52, 54, 56, 58, 60, 62, 64, 66, 68, 70, 72, 74, 76, 78, 80, 82, 84, 86, 88, 90, 92, 94, 96, 98]
>>> a, b, c, *_ = even
>>> print(a)
2
>>> print(b)
4
>>> print(c)
6
>>> print(_)
[8, 10, 12, 14, 16, 18, 20, 22, 24, 26, 28, 30, 32, 34, 36, 38, 40, 42, 44, 46, 48, 50, 52, 54, 56, 58, 60, 62, 64, 66, 68, 70, 72, 74, 76, 78, 80, 82, 84, 86, 88, 90, 92, 94, 96, 98]
>>> start, end = even[0], even[-1]
>>> print(start)
2
>>> print(end)
98
>>> even2 = even[1:-1]
>>> print(even2)
range(4, 98, 2)
>>> print(*even2)
4 6 8 10 12 14 16 18 20 22 24 26 28 30 32 34 36 38 40 42 44 46 48 50 52 54 56 58 60 62 64 66 68 70 72 74 76 78 80 82 84 86 88 90 92 94 96
>>> print(*even)
2 4 6 8 10 12 14 16 18 20 22 24 26 28 30 32 34 36 38 40 42 44 46 48 50 52 54 56 58 60 62 64 66 68 70 72 74 76 78 80 82 84 86 88 90 92 94 96 98
